2230
1318
879
984
119
893
518
357
476
516
600
523
1019
216
275
297
223
2518
1388
144
191
255
903
332
633
355
315
140
326
256
575
329
306
624
295
535
227
224
87
473
121
239
24
469
135
154
441
83
134
286
224
144
274
185
450
199
321
216
167
608
162
180
200
192
212
276
31
55
315
145
182
107
392
158
258
201
130
176
188
34
545
267
176
38
87
340
49
366
162
107
116
518
422
58
150
384
40
237
145
347
177
146
542
89
393
102
51
127
318
154
53
210
59
195
97
288
50
167
96
215
428
270
307
104
155
111
158
242
194
451
77
280
290
157
238
71
146
72
230
355
8
175
392
37
391
23
267
138
212
325
137
143
67
198
110
175
59
68
194
64
29
106
9
210
388
68
450
831
60
179
11
44
319
76
61
59
336
50
157
419
100
42
229
41
143
68
54
105
67
82
35
31
107
36
476
213
41
146
15
139
26
55
154
188
284
38
16
155
140
418
353
399
69
83
78
178
19
274
245
97
39
88
269
53
144
136
64
400
106
129
112
12
471
30
16
51
29
187
388
111
114
46
115
73
85
118
168
155
1040
137
226
220
124
176
129
85
102
278
83
86
23
89
16
3
175
71
223
16
140
47
5
149
50
41
161
208
152
20
182
34
204
59
79
34
156
22
51
44
119
170
74
329
356
15
115
4
18
7
97
283
108
31
51
74
13
109
32
91
82
99
50
40
138
2
33
7
31
158
218
106
89
96
20
91
9
3
59
231
72
111
30
135
299
55
88
37
91
15
193
41
130
29
3
185
138
106
84
97
52
89
91
61
15
34
18
19
101
84
151
260
30
203
4
142
125
92
66
59
48
37
59
1
110
9
58
144
24
38
92
71
133
40
11
3
73
62
2
60
132
35
17
39
117
102
13
41
50
70
13
76
26
64
116
7
81
48
72
62
62
97
15
3
32
72
185
18
42
26
50
7
56
92
52
141
7
19
72
6
33
2
74
134
5
28
37
55
26
35
33
5
5
2
61
1
3
37
4
63
75
19
20
26
8
89
16
61
18
88
3
5
86
88
16
21
13
16
21
31
45
34
46
27
14
44
28
54
87
73
127
1
13
74
41
18
77
66
9
57
45
1
1
42
4
27
37
7
12
6
67
71
48
28
44
20
44
2
1
28
38
23
15
3
87
2
49
4
32
29
10
36
41
31
1
1
1
30
1
54
5
25
88
2
25
22
23
7
82
36
6
21
1
152
47
38
1
1
1
39
10
13
11
2
1
2
13
4
22
59
114
9
3
64
62
18
47
66
42
14
128
13
2
5
17
5
10
53
48
8
3
39
52
2
28
10
94
41
7
40
9
9
7
8
64
1
23
30
30
9
22
20
6
28
4
13
36
39
4
12
2
3
19
5
6
18
13
8
23
19
32
8
8
1
15
4
12
107
3
47
16
47
27
55
42
11
2
2
4
14
2
29
21
9
38
17
23
4
4
30
12
31
38
22
1
49
40
64
45
25
45
10
24
1
1
16
10
3
6
23
53
24
7
3
54
11
46
25
14
23
6
26
17
6
14
4
12
36
3
9
32
10
37
16
33
24
1
32
8
21
26
21
10
36
14
15
19
17
5
5
17
13
1
4
6
9
18
1
13
12
4
3
1
5
2
1
10
3
14
1
6
1
9
1
2
8
17
8
1
1
1
2
2
1
